1.0000 1.0000 0.7854 
0.9830 1.1294 0.8546 
0.9330 1.2500 0.9296 
0.8536 1.3536 1.0082 
0.7500 1.4330 1.0886 
0.6294 1.4830 1.1694 
0.5000 1.5000 1.2490 
0.3706 1.4830 1.3259 
0.2500 1.4330 1.3981 
0.1464 1.3536 1.4630 
0.0670 1.2500 1.5173 
0.0170 1.1294 1.5557 
0.0000 1.0000 1.5708 
0.0170 0.8706 1.5512 
0.0670 0.7500 1.4817 
0.1464 0.6464 1.3480 
0.2500 0.5670 1.1555 
0.3706 0.5170 0.9489 
0.5000 0.5000 0.7854 
0.6294 0.5170 0.6877 
0.7500 0.5670 0.6473 
0.8536 0.6464 0.6482 
0.9330 0.7500 0.6771 
0.9830 0.8706 0.7248 
1.0000 1.0000 0.7854 